0.0004051863857374392
0.0004051863857374392
0.0004051863857374392
0.0004051863857374392
0.0008103727714748784
0.0004051863857374392
0.0016207455429497568
0.0004051863857374392
0.0008103727714748784
0.0004051863857374392
0.0004051863857374392
0.0004051863857374392
0.0008103727714748784
0.0004051863857374392
0.0008103727714748784
0.0008103727714748784
0.0004051863857374392
0.0004051863857374392
0.022285251215559156
0.0008103727714748784
0.0004051863857374392
0.0008103727714748784
0.0012155591572123178
0.0004051863857374392
0.0012155591572123178
0.0008103727714748784
0.0004051863857374392
0.0016207455429497568
0.0004051863857374392
0.0004051863857374392
0.0008103727714748784
0.0004051863857374392
0.0016207455429497568
0.0004051863857374392
0.0012155591572123178
0.0008103727714748784
0.0008103727714748784
0.0008103727714748784
0.0004051863857374392
0.0004051863857374392
0.002025931928687196
0.0004051863857374392
0.0008103727714748784
0.0008103727714748784
0.002025931928687196
0.0004051863857374392
0.0004051863857374392
0.0004051863857374392
0.0016207455429497568
0.0028363047001620746
0.0004051863857374392
0.0008103727714748784
0.0004051863857374392
0.0008103727714748784
0.0004051863857374392
0.0004051863857374392
0.0004051863857374392
0.0004051863857374392
0.0004051863857374392
0.0004051863857374392
0.0004051863857374392
0.0008103727714748784
0.0004051863857374392
0.0004051863857374392
0.0004051863857374392
0.0004051863857374392
0.0004051863857374392
0.0004051863857374392
0.0004051863857374392
0.0004051863857374392
0.0004051863857374392
0.0004051863857374392
0.0024311183144246355
0.0004051863857374392
0.0004051863857374392
0.0008103727714748784
0.0008103727714748784
0.0004051863857374392
0.0004051863857374392
0.002025931928687196
0.007293354943273906
0.0004051863857374392
0.0004051863857374392
0.0008103727714748784
0.0004051863857374392
0.0004051863857374392
0.0004051863857374392
0.0004051863857374392
0.0008103727714748784
0.0004051863857374392
0.0004051863857374392
0.0004051863857374392
0.0004051863857374392
0.0004051863857374392
0.0004051863857374392
0.0004051863857374392
0.0004051863857374392
0.0008103727714748784
0.0008103727714748784
0.0008103727714748784
0.0008103727714748784
0.0004051863857374392
0.0008103727714748784
0.0008103727714748784
0.0012155591572123178
0.0004051863857374392
0.0004051863857374392
0.002025931928687196
0.0004051863857374392
0.0004051863857374392
0.0004051863857374392
0.0004051863857374392
0.006077795786061589
0.0004051863857374392
0.0004051863857374392
0.0004051863857374392
0.0004051863857374392
0.0004051863857374392
0.0004051863857374392
0.0016207455429497568
0.0004051863857374392
0.003646677471636953
0.04051863857374392
0.0004051863857374392
0.0004051863857374392
0.0004051863857374392
0.0012155591572123178
0.0004051863857374392
0.0004051863857374392
0.0004051863857374392
0.0004051863857374392
0.0004051863857374392
0.0012155591572123178
0.014181523500810372
0.0004051863857374392
0.0004051863857374392
0.0012155591572123178
0.0004051863857374392
0.0004051863857374392
0.0004051863857374392
0.0004051863857374392
0.0008103727714748784
0.0004051863857374392
0.0004051863857374392
0.0012155591572123178
0.0004051863857374392
0.0004051863857374392
0.003646677471636953
0.002025931928687196
0.0004051863857374392
0.0004051863857374392
0.0004051863857374392
0.0004051863857374392
0.0004051863857374392
0.005672609400324149
0.0004051863857374392
0.0004051863857374392
0.0004051863857374392
0.0004051863857374392
0.0008103727714748784
0.0004051863857374392
0.004862236628849271
0.0004051863857374392
0.0004051863857374392
0.0004051863857374392
0.0004051863857374392
0.0004051863857374392
0.0004051863857374392
0.0004051863857374392
0.0008103727714748784
0.0004051863857374392
0.0016207455429497568
0.0008103727714748784
0.0004051863857374392
0.0004051863857374392
0.0004051863857374392
0.0004051863857374392
0.0004051863857374392
0.0004051863857374392
0.0016207455429497568
0.0004051863857374392
0.0004051863857374392
0.0004051863857374392
0.0004051863857374392
0.0016207455429497568
0.0012155591572123178
0.0004051863857374392
0.02188006482982172
0.0004051863857374392
0.0004051863857374392
0.0012155591572123178
0.0004051863857374392
0.0008103727714748784
0.0004051863857374392
0.0012155591572123178
0.0004051863857374392
0.0012155591572123178
0.0008103727714748784
0.0004051863857374392
0.0004051863857374392
0.0004051863857374392
0.0004051863857374392
0.0004051863857374392
0.0008103727714748784
0.0008103727714748784
0.0016207455429497568
0.0004051863857374392
0.0004051863857374392
0.0016207455429497568
0.0004051863857374392
0.0008103727714748784
0.0004051863857374392
0.0004051863857374392
0.03565640194489465
0.0004051863857374392
0.0004051863857374392
0.0004051863857374392
0.0004051863857374392
0.0004051863857374392
0.0016207455429497568
0.0008103727714748784
0.0008103727714748784
0.0004051863857374392
0.0004051863857374392
0.0004051863857374392
0.0004051863857374392
0.0016207455429497568
0.0004051863857374392
0.0012155591572123178
0.0024311183144246355
0.0004051863857374392
0.0004051863857374392
0.0004051863857374392
0.0004051863857374392
0.0012155591572123178
0.0004051863857374392
0.0004051863857374392
0.0004051863857374392
0.0004051863857374392
0.0008103727714748784
0.0004051863857374392
0.002025931928687196
0.0004051863857374392
0.0004051863857374392
0.0004051863857374392
0.0004051863857374392
0.0004051863857374392
0.0004051863857374392
0.0012155591572123178
0.0004051863857374392
0.0004051863857374392
0.002025931928687196
0.0004051863857374392
0.0004051863857374392
0.0004051863857374392
0.0004051863857374392
0.0004051863857374392
0.0004051863857374392
0.0008103727714748784
0.0008103727714748784
0.0004051863857374392
0.0004051863857374392
0.0004051863857374392
0.0008103727714748784
0.0012155591572123178
0.0004051863857374392
0.0004051863857374392
0.0004051863857374392
0.0004051863857374392
0.0004051863857374392
0.0004051863857374392
0.0012155591572123178
0.0004051863857374392
0.0004051863857374392
0.0008103727714748784
0.0004051863857374392
0.0004051863857374392
0.0004051863857374392
0.0004051863857374392
0.0004051863857374392
0.0004051863857374392
0.0016207455429497568
0.0004051863857374392
0.0008103727714748784
0.0004051863857374392
0.0004051863857374392
0.0004051863857374392
0.0008103727714748784
0.0004051863857374392
0.0004051863857374392
0.0004051863857374392
0.0016207455429497568
0.0004051863857374392
0.0004051863857374392
0.0012155591572123178
0.0004051863857374392
0.0004051863857374392
0.0004051863857374392
0.0016207455429497568
0.0004051863857374392
0.0004051863857374392
0.0012155591572123178
0.0004051863857374392
0.0016207455429497568
0.0004051863857374392
0.0004051863857374392
0.0004051863857374392
0.0004051863857374392
0.0004051863857374392
0.0016207455429497568
0.0008103727714748784
0.0004051863857374392
0.0004051863857374392
0.0004051863857374392
0.003646677471636953
0.0004051863857374392
0.0004051863857374392
0.0004051863857374392
0.0004051863857374392
0.0004051863857374392
0.0004051863857374392
0.0008103727714748784
0.0004051863857374392
0.0004051863857374392
0.0008103727714748784
0.0012155591572123178
0.0012155591572123178
0.0004051863857374392
0.0004051863857374392
0.0004051863857374392
0.002025931928687196
0.0004051863857374392
0.0004051863857374392
0.0008103727714748784
0.011345218800648298
0.0004051863857374392
0.0008103727714748784
0.0004051863857374392
0.0004051863857374392
0.0004051863857374392
0.0008103727714748784
0.0004051863857374392
0.0004051863857374392
0.0008103727714748784
0.0004051863857374392
0.0004051863857374392
0.0012155591572123178
0.0004051863857374392
0.0004051863857374392
0.0004051863857374392
0.0008103727714748784
0.0004051863857374392
0.0004051863857374392
0.01620745542949757
0.0004051863857374392
0.0004051863857374392
0.0004051863857374392
0.0004051863857374392
0.0004051863857374392
0.0008103727714748784
0.002025931928687196
0.0004051863857374392
0.0016207455429497568
0.0008103727714748784
0.0004051863857374392
0.0008103727714748784
0.0004051863857374392
0.0004051863857374392
0.0008103727714748784
0.0012155591572123178
0.0016207455429497568
0.0012155591572123178
0.0008103727714748784
0.00526742301458671
0.0004051863857374392
0.0004051863857374392
0.0008103727714748784
0.0004051863857374392
0.0004051863857374392
0.0004051863857374392
0.0004051863857374392
0.0004051863857374392
0.0004051863857374392
0.0008103727714748784
0.0004051863857374392
0.0004051863857374392
0.0004051863857374392
0.0008103727714748784
0.0004051863857374392
0.0004051863857374392
0.0004051863857374392
0.0004051863857374392
0.0004051863857374392
0.0004051863857374392
0.0008103727714748784
0.0008103727714748784
0.0008103727714748784
0.0004051863857374392
0.0008103727714748784
0.0004051863857374392
0.0004051863857374392
0.0004051863857374392
0.0004051863857374392
0.0004051863857374392
0.0004051863857374392
0.0004051863857374392
0.0008103727714748784
0.0004051863857374392
0.0008103727714748784
0.0004051863857374392
0.0004051863857374392
0.0004051863857374392
0.0008103727714748784
0.0004051863857374392
0.0004051863857374392
0.0012155591572123178
0.0004051863857374392
0.0004051863857374392
0.0004051863857374392
0.0024311183144246355
0.002025931928687196
0.0004051863857374392
0.0008103727714748784
0.0004051863857374392
0.0004051863857374392
0.0004051863857374392
0.0004051863857374392
0.0004051863857374392
0.0004051863857374392
0.0004051863857374392
0.0024311183144246355
0.0004051863857374392
0.0004051863857374392
0.0008103727714748784
0.0004051863857374392
0.0004051863857374392
0.0004051863857374392
0.0008103727714748784
0.0004051863857374392
0.0004051863857374392
0.0004051863857374392
0.0004051863857374392
0.0004051863857374392
0.0004051863857374392
0.0004051863857374392
0.0004051863857374392
0.0004051863857374392
0.0012155591572123178
0.0004051863857374392
0.0004051863857374392
0.0004051863857374392
0.0004051863857374392
0.0004051863857374392
0.0004051863857374392
0.0004051863857374392
0.0004051863857374392
0.0004051863857374392
0.0004051863857374392
0.0004051863857374392
0.0004051863857374392
0.0004051863857374392
0.0012155591572123178
0.0004051863857374392
0.0004051863857374392
0.002025931928687196
0.0008103727714748784
0.0004051863857374392
0.0008103727714748784
0.0004051863857374392
0.0004051863857374392
0.0004051863857374392
0.009724473257698542
0.0004051863857374392
0.0004051863857374392
0.0016207455429497568
0.002025931928687196
0.004862236628849271
0.0004051863857374392
0.0008103727714748784
0.0004051863857374392
0.0008103727714748784
0.0008103727714748784
0.0008103727714748784
0.0004051863857374392
0.0008103727714748784
0.0004051863857374392
0.0004051863857374392
0.0004051863857374392
0.0012155591572123178
0.0004051863857374392
0.0004051863857374392
0.0004051863857374392
0.0004051863857374392
0.0004051863857374392
0.0016207455429497568
0.0012155591572123178
0.0004051863857374392
0.0004051863857374392
0.0004051863857374392
0.0008103727714748784
0.0004051863857374392
0.0004051863857374392
0.0004051863857374392
0.0008103727714748784
0.0004051863857374392
0.0004051863857374392
0.0004051863857374392
0.0004051863857374392
0.0004051863857374392
0.0004051863857374392
0.0004051863857374392
0.0008103727714748784
0.0004051863857374392
0.0004051863857374392
0.0008103727714748784
0.0004051863857374392
0.0004051863857374392
0.0004051863857374392
0.0004051863857374392
0.0004051863857374392
0.0008103727714748784
0.0004051863857374392
0.0028363047001620746
0.03606158833063209
0.0004051863857374392
0.0008103727714748784
0.0004051863857374392
0.0016207455429497568
0.0008103727714748784
0.0004051863857374392
0.0016207455429497568
0.0004051863857374392
0.0004051863857374392
0.002025931928687196
0.0004051863857374392
0.0004051863857374392
0.0008103727714748784
0.0004051863857374392
0.0004051863857374392
0.002025931928687196
0.0004051863857374392
0.0004051863857374392
0.0004051863857374392
0.0004051863857374392
0.0008103727714748784
0.0004051863857374392
0.0004051863857374392
0.0024311183144246355
0.0012155591572123178
0.0004051863857374392
0.0008103727714748784
0.005672609400324149
0.0004051863857374392
0.0004051863857374392
0.0012155591572123178
0.0004051863857374392
0.0004051863857374392
0.0008103727714748784
0.0004051863857374392
0.0004051863857374392
0.0004051863857374392
0.0004051863857374392
0.0008103727714748784
0.0004051863857374392
0.0016207455429497568
0.0004051863857374392
0.004862236628849271
0.007698541329011345
0.0004051863857374392
0.0004051863857374392
0.0004051863857374392
0.01620745542949757
0.0004051863857374392
0.0004051863857374392
0.0004051863857374392
0.0004051863857374392
0.0012155591572123178
0.0004051863857374392
0.0004051863857374392
0.0008103727714748784
0.0004051863857374392
0.0004051863857374392
0.0016207455429497568
0.0004051863857374392
0.0008103727714748784
0.0004051863857374392
0.0004051863857374392
0.0004051863857374392
0.0004051863857374392
0.0004051863857374392
0.0004051863857374392
0.0012155591572123178
0.0004051863857374392
0.0004051863857374392
0.0004051863857374392
0.0004051863857374392
0.0004051863857374392
0.0004051863857374392
0.0004051863857374392
0.002025931928687196
0.0004051863857374392
0.0004051863857374392
0.0004051863857374392
0.0008103727714748784
0.06320907617504051
0.0008103727714748784
0.0016207455429497568
0.0004051863857374392
0.0008103727714748784
0.0004051863857374392
0.0004051863857374392
0.0008103727714748784
0.0008103727714748784
0.0004051863857374392
0.0004051863857374392
0.0004051863857374392
0.0004051863857374392
0.0004051863857374392
0.0008103727714748784
0.0004051863857374392
0.04051863857374392
0.0004051863857374392
0.0004051863857374392
0.0004051863857374392
0.0004051863857374392
0.0016207455429497568
0.0012155591572123178
0.0004051863857374392
0.0004051863857374392
0.0008103727714748784
0.0008103727714748784
0.0004051863857374392
0.004051863857374392
0.0004051863857374392
0.0012155591572123178
0.0004051863857374392
0.0004051863857374392
0.0004051863857374392
0.0004051863857374392
0.0004051863857374392
0.0008103727714748784
0.0004051863857374392
0.0004051863857374392
0.0004051863857374392
0.0004051863857374392
0.0004051863857374392
0.0008103727714748784
0.0004051863857374392
0.0008103727714748784
0.0004051863857374392
0.0004051863857374392
0.0004051863857374392
0.0008103727714748784
0.0004051863857374392
0.0008103727714748784
0.0004051863857374392
0.0004051863857374392
0.0016207455429497568
0.0004051863857374392
0.0004051863857374392
0.0004051863857374392
0.0004051863857374392
0.0004051863857374392
0.0004051863857374392
0.0008103727714748784
0.0004051863857374392
0.0004051863857374392
0.0004051863857374392
0.0008103727714748784
0.0008103727714748784
0.0024311183144246355
0.0008103727714748784
0.0008103727714748784
0.0004051863857374392
0.0004051863857374392
0.0012155591572123178
0.0004051863857374392
0.0008103727714748784
0.0004051863857374392
0.0004051863857374392
0.0004051863857374392
0.002025931928687196
0.008914100486223663
0.0004051863857374392
0.0008103727714748784
0.0004051863857374392
0.0004051863857374392
0.0004051863857374392
0.0004051863857374392
0.008508914100486223
0.0024311183144246355
0.0004051863857374392
0.0008103727714748784
0.0004051863857374392
0.0004051863857374392
0.004051863857374392
0.0008103727714748784
0.0008103727714748784
0.004051863857374392
0.0004051863857374392
0.0004051863857374392
0.027147487844408427
0.0004051863857374392
0.0008103727714748784
0.0008103727714748784
0.0004051863857374392
0.0004051863857374392
0.0004051863857374392
0.0004051863857374392
0.0012155591572123178
0.0004051863857374392
0.0004051863857374392
0.0016207455429497568
0.0004051863857374392
0.0004051863857374392
0.0004051863857374392
0.0012155591572123178
0.0004051863857374392
0.0012155591572123178
0.0004051863857374392
0.0004051863857374392
0.0004051863857374392
0.0004051863857374392
0.0004051863857374392
0.0004051863857374392
0.0016207455429497568
0.0012155591572123178
0.0004051863857374392
0.0008103727714748784
0.0008103727714748784
0.0004051863857374392
0.0004051863857374392
0.0004051863857374392
0.004457050243111832
0.0004051863857374392
0.0004051863857374392
0.0008103727714748784
0.0004051863857374392
0.0008103727714748784
0.0008103727714748784
0.007293354943273906
0.0004051863857374392
0.0008103727714748784
0.0024311183144246355
0.0008103727714748784
0.0032414910858995136
0.0004051863857374392
0.0012155591572123178
0.0004051863857374392
0.0004051863857374392
0.0008103727714748784
0.0004051863857374392
0.0004051863857374392
0.0004051863857374392
0.0024311183144246355
0.0028363047001620746
0.0004051863857374392
0.0008103727714748784
0.0004051863857374392
0.0004051863857374392
0.0012155591572123178
0.0004051863857374392
0.0004051863857374392
0.0004051863857374392
0.0008103727714748784
0.0008103727714748784
0.0004051863857374392
0.0012155591572123178
0.0004051863857374392
0.0004051863857374392
0.002025931928687196
0.005672609400324149
0.0004051863857374392
0.0016207455429497568
0.0004051863857374392
0.0004051863857374392
0.0004051863857374392
0.0008103727714748784
0.013776337115072933
0.0004051863857374392
0.00526742301458671
0.0004051863857374392
0.003646677471636953
0.0004051863857374392
0.0012155591572123178
0.0004051863857374392
0.0016207455429497568
0.0008103727714748784
0.0004051863857374392
0.0012155591572123178
0.0008103727714748784
0.0008103727714748784
0.0004051863857374392
0.003646677471636953
0.0008103727714748784
0.0004051863857374392
0.0004051863857374392
0.0004051863857374392
0.0008103727714748784
0.0004051863857374392
0.0004051863857374392
0.0004051863857374392
0.0012155591572123178
0.0008103727714748784
0.0008103727714748784
0.0008103727714748784
0.0004051863857374392
0.0008103727714748784
0.0008103727714748784
0.0004051863857374392
0.0008103727714748784
0.0024311183144246355
0.003646677471636953
